invert_vortex=True
deltaMax=0.25
psminlat=21.83753685505344
psminlon=304.4376934238224
gamma=0.0065
rp=151709
dp=3406.26
zp=14644.1
exppr=1.07553
modify_q=True
modify_q_mult=2.5
