invert_vortex=True
psminlat=28.34926719693993
psminlon=312.4610617653133
deltaMax=0.25
gamma=-1.
modify_q=True
modify_q_mult=2.5
restart_file=False
rp = 192908
dp = 2640.42
zp = 13796.6
exppr = 1.07553
